394
928
296
62
750
269
487
560
480
806
447
242
229
566
40
751
114
810
982
130
966
808
70
585
486
579
237
246
779
281
542
173
41
229
40
311
334
752
386
780
501
875
188
144
727
519
683
364
302
829
16
613
885
578
663
970
158
858
911
791
153
686
770
598
22
88
26
733
568
426
670
858
70
886
352
747
175
544
853
475
746
296
856
983
815
148
315
734
548
578
627
726
448
883
926
740
678
435
268
251
743
309
551
566
327
948
945
728
826
788
201
936
226
662
761
227
64
530
414
121
172
79
765
202
963
310
863
193
125
517
433
534
375
255
426
634
107
440
153
515
458
671
3
296
564
772
382
206
332
752
134
792
210
612
953
29
470
66
304
364
430
256
596
962
468
843
91
204
519
407
790
512
717
92
344
141
962
621
733
476
999
83
204
902
361
270
419
380
669
875
229
758
278
288
539
59
442
684
244
655
