760
190
242
745
496
497
532
9
451
48
162
424
912
581
470
349
274
424
894
403
973
388
574
773
945
413
910
440
207
369
44
527
352
632
389
271
429
121
500
488
873
850
981
21
979
835
427
592
624
640
741
941
645
562
56
681
978
489
118
942
681
671
460
206
662
107
769
346
49
241
914
278
838
203
10
426
526
254
847
871
222
700
440
124
413
505
818
981
916
428
370
359
526
468
100
250
934
356
442
555
935
757
89
221
582
742
638
700
813
922
869
886
289
239
337
77
106
798
880
213
923
340
670
631
711
36
514
888
796
534
629
961
252
80
414
667
149
440
595
823
578
699
83
551
491
21
542
172
440
509
429
141
235
556
334
217
946
67
304
906
620
894
757
470
283
808
293
243
823
84
71
286
796
69
531
191
562
715
618
149
330
538
591
538
640
89
239
546
923
68
931
134
978
695
599
151
865
495
434
505
