49.920845847380754
77.65948664699296
18.3096635866838
25.05395882803135
4.373654313768638
47.446885034560616
2.16325289000866
75.25318908572935
27.119683554805796
64.2958823810885
94.07782151908043
17.806896026894336
4.781284495094584
17.846259759045157
69.6328095004032
3.139344951927703
17.950492900746994
74.42099582279718
48.522827960444815
5.449209315399683
73.78784242072769
21.60066436171213
4.10163630581205
26.140227696145924
67.46953827134834
93.68250424860516
30.511344965992173
61.9148817715787
70.60615138394691
76.26934573446862
90.95948864990436
31.918934180798907
90.16618484420725
6.300092355573906
17.679238088206596
40.453525248054056
14.972956109987868
55.02477321892518
59.205687680435126
37.0254701867934
68.50348014244332
5.743646293965876
73.82379932392632
23.88529844526852
16.503102397090906
15.571194752532547
49.39127496600552
52.70646408964082
35.83985783388932
81.05231653099423
89.21222308051324
46.68809462487663
37.0576574776877
11.149357992399779
41.235223193535184
82.11749535642416
47.24755723267292
47.93508104749229
63.57195888635887
64.30763763627874
2.1415431365758297
65.26806610281545
13.180339523950458
36.828613392927956
66.74339703647051
18.793421370317674
16.528587295249896
70.08110444018033
2.346364264052636
16.80313693712585
31.154517927630586
85.51370608927202
24.447543695359197
30.806746667577567
35.256827063626126
85.16488821524028
50.85400413579937
67.1044449857464
88.80290480648412
72.71432563085447
22.185861536542063
76.22117915454801
94.11029397322204
71.8571403482585
88.01664749080341
85.75161854625064
46.45665732099753
70.5686108063772
91.05150366732467
3.982354663824894
5.995651415621128
45.70572253030184
49.028843677302746
56.59906627190657
41.103896727089186
51.395908164352875
29.44135089718525
86.85280468892218
90.25677087604026
86.79217373160637
35.70723443019573
70.7509226909402
64.6284832419885
94.02774838620202
75.08294056498104
73.15463261444145
66.83452678665385
75.58232104248044
58.39357121588723
98.10655481539915
32.582231880308775
61.77576160088761
89.56747984614665
67.27800946383515
11.467847612065363
3.7341965225171747
38.996648943188085
94.11724550892868
90.75620546528828
14.927211105995875
58.90460554249407
8.096193682249009
31.70165732299083
35.25380932412887
91.18879215211048
23.3946964773908
31.81670947177463
45.658713573991214
38.614485674528474
39.42767106598156
48.467320925123204
18.38948217136912
18.77247950098241
6.811944944955172
19.27160180912709
48.25881254256704
96.87290774255415
91.68601877320822
93.00122596406798
73.65532306673927
98.23279109249776
23.73734507523112
41.0325518863665
62.55000828554932
34.22496164247142
18.85815136732689
53.8671293195382
8.374461585732496
36.4912532832545
26.042238747449808
39.838871753502445
53.40087286531331
83.38295986736509
59.95156996390786
33.8478825832478
33.1327107838374
19.876727519436233
45.522919808608364
92.80854695584475
14.218895931480002
17.62421117642362
19.051204632321415
1.4721690589817094
80.53322670628373
95.32896776207981
1.3775439787330312
37.38208766005475
7.314634187498181
21.304255344560907
83.12653594307734
46.94187387492039
51.64284217147135
49.850465477435854
39.37857884441836
65.92482992391744
79.0278585186523
1.00122956351828
21.729543343640255
77.22572397198729
40.52065799423621
79.22221495150367
59.38144239250923
36.253300963067716
12.506279898740914
40.80694356043792
37.72419233078691
10.084791891148914
12.219552673674826
61.99901566907323
12.809962517044015
70.35129244275471
6.027463877405315
30.280315378234146
63.1880043769792
51.79553365104867
34.65118998639102
79.7999452614136
76.75924560162231
38.5412474522388
89.75461981853901
